0.09992 0.0999201 0.0999202 0.0999335 0.100209 0.108186 0.231118 
0.0998503 0.0998502 0.0998618 0.0999489 0.102236 0.131236 0.345017 
0.0997706 0.0997718 0.0998088 0.100315 0.106756 0.103187 0.43066 
0.0997005 0.0997062 0.0998165 0.101415 0.115239 0.110811 0.518349 
0.0996223 0.0996446 0.100011 0.103482 0.128381 0.241997 0.589426 
0.0995545 0.0996152 0.10049 0.107309 0.144916 0.290926 0.651789 
0.0994832 0.0996527 0.101394 0.113318 0.165172 0.337571 0.710425 
0.0994325 0.0996541 0.103147 0.121236 0.187005 0.385221 0.0999347 
0.0994038 0.100344 0.105961 0.131362 0.215646 0.435622 0.799652 
0.0994454 0.101118 0.109879 0.144048 0.246776 0.136768 0.838867 
0.0995948 0.102399 0.114978 0.158309 0.27952 0.52636 0.870668 
0.0999473 0.104223 0.121453 0.174671 0.308848 0.566145 0.900606 
0.100575 0.106999 0.129141 0.191253 0.339919 0.610496 0.924932 
0.10148 0.110285 0.137745 0.212598 0.376709 0.646517 0.947908 
0.102739 0.114439 0.147878 0.233887 0.408845 0.68338 0.968006 
0.104439 0.119684 0.159554 0.256913 0.446313 0.182677 0.985662 
0.10681 0.101674 0.173282 0.278054 0.482653 0.745734 1.00023 
0.109578 0.132515 0.188417 0.306482 0.518267 0.778578 1.01236 
0.113108 0.140767 0.205294 0.128736 0.546228 0.808743 1.0252 
0.11743 0.150735 0.222169 0.362458 0.57906 0.836503 1.03609 
0.121527 0.161072 0.240649 0.392262 0.613353 0.862017 1.04689 
0.127633 0.173294 0.258835 0.422531 0.646334 0.885489 1.05625 
0.102444 0.186514 0.281651 0.45302 0.677775 0.905686 1.06524 
0.14171 0.200913 0.303971 0.483491 0.707601 0.924404 1.07332 
0.150199 0.216651 0.328543 0.511828 0.736016 0.943121 1.08265 
0.160203 0.232511 0.350002 0.540071 0.763007 0.959406 1.09197 
0.170458 0.250314 0.376094 0.569924 0.788505 0.97484 0.102129 
0.180961 0.267824 0.396766 0.593243 0.81266 0.990466 1.10968 
0.193107 0.285901 0.419841 0.620308 0.832473 1.00527 1.11958 
0.206998 0.304634 0.447086 0.648362 0.853223 1.01944 1.12989 
0.220655 0.325871 0.474127 0.6718 0.874514 1.03218 1.14068 
0.234302 0.344828 0.499142 0.698449 0.893325 1.04561 1.15178 
0.250791 0.367628 0.525823 0.722268 0.911425 1.05786 1.16339 
0.26583 0.388138 0.552198 0.746951 0.928841 1.07093 1.17544 
0.280396 0.410396 0.574687 0.76909 0.231777 1.08307 1.18798 
0.299588 0.434114 0.597179 0.791633 0.957107 1.09608 1.20101 
0.316804 0.457932 0.622846 0.811704 0.281596 1.1082 1.21391 
0.334837 0.480544 0.647794 0.217442 0.989427 1.12135 1.22811 
0.356161 0.504758 0.671773 0.847395 1.00483 1.13201 1.24309 
0.376332 0.525727 0.693417 0.867731 1.02079 1.14505 1.25879 
0.398103 0.549736 0.713199 0.88738 1.03543 1.15929 0.110477 
0.418581 0.571816 0.734357 0.905212 1.05104 1.17356 1.28888 
0.440772 0.595134 0.756757 0.923929 1.06645 1.18703 1.30562 
0.461531 0.616831 0.778616 0.942078 1.08066 1.20198 1.32293 
0.483924 0.639657 0.796966 0.958667 1.09582 1.21512 1.3394 
0.504809 0.660694 0.818017 0.976154 1.11073 1.22976 1.35786 
0.525886 0.683024 0.83841 0.99098 1.12574 1.24599 1.37639 
0.546831 0.703641 0.858174 1.00693 1.14084 0.373469 1.3955 
0.569183 0.723979 0.876062 1.02262 1.15393 1.27721 1.41476 
0.175545 0.196288 0.894979 1.03903 1.16529 1.29471 1.43574 
0.610042 0.764044 0.913515 1.05508 1.18168 1.31263 1.45659 
0.630595 0.784933 0.244358 1.06905 0.372809 1.33081 1.47587 
0.650894 0.803785 0.945744 1.08422 1.21394 1.34797 1.49672 
0.672465 0.822208 0.96233 1.10063 1.22966 1.36562 1.51754 
0.69205 0.840406 0.97748 1.11479 1.24566 1.38362 1.53834 
0.710269 0.856959 0.993862 1.13141 1.26316 1.40317 1.55876 
0.729434 0.873626 1.01146 1.14814 1.2809 1.42271 1.57762 
0.747018 0.892562 1.02659 1.16485 1.29771 1.44086 1.59787 
0.76737 0.911129 1.04411 1.18055 1.31462 1.46037 1.6152 
0.786097 0.928207 1.06041 1.19753 1.33175 1.47953 1.63284 
0.804621 0.264725 1.07788 1.21334 1.35039 1.49878 1.6532 
0.824191 0.963529 1.09514 1.23071 1.36899 1.51685 1.67332 
0.843539 0.98153 1.11127 1.24821 1.38752 1.53509 1.69196 
0.861374 0.998225 1.12752 1.26569 1.40485 0.479884 1.70926 
0.880305 1.01594 1.14377 1.28196 1.42199 1.57023 1.72935 
0.89678 1.03338 1.16015 1.29962 1.44061 1.59006 1.749 
0.913237 1.05068 1.17666 1.31738 1.45917 0.517361 1.76707 
0.930859 1.06577 1.1945 1.33521 1.47749 1.62431 1.78618 
0.949369 1.08225 1.21224 1.35189 1.49587 1.64439 1.80519 
0.966516 1.09985 1.2287 1.36878 1.51443 1.66417 1.82274 
0.983663 1.11625 1.24605 1.38339 1.5319 1.68362 1.84025 
1.00182 1.13381 1.26213 1.40085 1.54941 1.70155 1.85773 
1.01881 1.15122 1.2784 1.41938 1.56675 1.71698 1.87638 
1.03687 1.16828 0.418744 1.43782 1.58539 1.73523 1.89494 
1.05357 1.18417 1.31085 1.45624 1.60254 1.75352 1.91202 
1.07132 1.20022 1.32905 1.47329 1.62126 0.620225 1.9304 
1.08768 1.2164 1.34466 1.4892 1.63974 1.78976 0.242122 
1.10508 1.23254 1.36023 1.50666 1.65701 1.809 1.96544 
1.12123 1.24981 1.37853 1.52408 1.6745 1.82807 1.98342 
1.13863 1.26712 1.39555 1.5428 0.533139 1.84676 1.99756 
1.15598 1.28445 1.414 1.56135 1.71108 1.86506 2.01573 
1.17318 1.30083 0.492659 1.5798 1.72874 1.88318 2.03261 
1.19027 1.31698 1.44603 1.597 1.74766 1.90124 2.05065 
1.20512 1.33311 0.535553 1.61441 1.765 1.91682 2.06594 
1.22224 1.3482 1.48109 1.63152 1.7798 1.93473 2.08254 
1.23807 1.36589 1.49861 1.64855 1.79858 1.94994 2.09796 
1.25519 0.424269 1.51706 1.66453 1.81569 1.96646 2.11464 
1.27113 1.39949 1.53526 1.68179 1.83152 1.98423 2.13243 
1.28727 1.41646 1.55341 1.69992 1.84744 1.99967 2.15 
1.30458 1.43468 1.57015 1.71555 1.86591 2.01766 2.16747 
1.32094 1.4525 1.58575 0.608411 1.88414 2.03436 2.18362 
1.3384 1.46901 1.60273 1.75107 1.89974 2.05097 2.20108 
1.35144 1.48666 1.61961 1.76687 1.91791 2.06752 2.21586 
1.36708 1.50273 1.63301 1.78529 1.93593 2.08515 2.23292 
1.3851 1.52002 1.65174 1.80233 1.95262 2.10143 0.371062 
1.403 1.53719 1.66643 1.8193 1.96928 0.817339 2.26599 
1.41969 1.55313 0.69407 1.83624 1.98565 2.13291 2.28319 
1.43699 1.56609 1.70252 1.85421 2.00216 2.15071 2.3004 
1.45403 1.58287 0.71704 1.87089 2.01987 2.1672 2.31758 
1.47093 1.59828 1.73465 1.88886 2.03621 2.18483 2.33361 
1.4877 1.61614 1.75213 1.90537 2.05259 2.19995 2.34973 
1.5033 1.63188 1.77084 1.92295 2.06775 2.21753 2.36583 
0.496316 1.64994 1.78554 1.94019 2.08415 2.2315 2.38302 
1.5362 1.66664 1.80426 1.95631 2.10166 2.24932 2.40002 
1.55331 1.68468 1.82265 1.97246 2.11675 2.26692 2.41588 
1.56842 1.70268 1.83953 1.98957 2.13332 2.28199 2.43285 
0.531573 1.71946 1.85767 2.00673 2.15093 2.29951 2.44746 
1.60007 1.73634 1.87557 2.02258 2.16617 2.31554 2.46329 
1.61791 1.75445 1.89314 2.03857 2.18351 2.32926 2.47796 
1.63552 1.76897 1.90941 2.05337 2.20051 2.34551 2.49538 
1.65172 1.78476 1.92557 2.07085 2.21755 2.36299 2.51273 
1.66695 1.80179 1.94181 2.08825 0.903785 2.3804 2.5297 
1.68341 1.81862 1.95699 2.10544 2.25063 2.39758 2.54549 
1.6997 1.83546 1.97468 2.12138 2.26666 2.41346 2.56138 
1.71717 1.85111 1.99102 2.13823 2.28042 2.43054 2.57729 
1.73333 1.86809 2.00856 2.15487 2.29674 2.44634 2.59327 
1.74965 1.88504 2.02597 2.17156 2.31422 2.46329 2.61044 
1.76594 1.9007 2.04093 2.18818 2.33031 2.478 2.62752 
1.78115 1.9187 2.0583 2.20371 2.34635 2.49523 2.64438 
1.79771 1.9355 2.07552 2.22037 2.36248 1.11364 2.66002 
1.81544 1.95225 2.09265 2.23689 2.37845 2.52668 2.67119 
1.832 1.97011 2.10844 2.25231 2.3956 2.54206 2.68879 
1.84861 1.98657 2.12532 2.2667 2.41243 2.55778 2.70628 
1.86627 2.00304 0.923861 2.2825 2.42915 1.17524 2.72134 
1.88377 2.0205 2.15743 2.29957 2.44556 2.58826 2.73908 
1.90112 2.03663 2.17188 2.31649 2.46074 2.60318 2.75675 
1.91716 2.0504 2.18772 2.33321 2.47711 2.6208 2.77421 
1.93198 2.06776 2.20454 2.3477 2.49225 2.63607 0.631268 
1.94707 2.08494 2.22015 2.36433 2.50757 2.65127 2.80729 
1.96456 2.10174 2.23464 2.37856 1.11294 2.66905 2.82189 
1.98191 2.11826 2.25036 2.39509 2.53869 1.297 2.83797 
1.99904 2.13379 2.26724 0.953311 2.55433 1.31228 2.8554 
2.01169 2.14946 2.28387 2.42584 2.57102 2.71656 2.87242 
2.02894 2.16513 2.29932 2.44254 2.58766 2.7342 2.8869 
2.04498 2.18182 2.31481 2.45922 2.60413 2.74922 2.90281 
2.06218 2.19838 2.33156 2.47584 2.62064 2.76663 2.91993 
2.07925 2.21384 2.34811 2.49022 2.63724 1.38811 2.93587 
2.09506 2.23035 2.36225 2.50596 2.65364 2.7975 2.95071 
2.1099 2.24668 2.37874 2.5218 2.66992 2.8148 2.96783 
0.925374 2.2611 2.39526 2.53872 2.68515 2.8318 2.98238 
2.13963 2.27663 2.41179 2.55544 2.70172 2.84749 2.99806 
2.15672 2.29335 2.4283 1.06685 1.16211 2.86435 3.01377 
2.17366 2.30783 2.44431 2.58306 2.7325 2.88094 3.02975 
2.18825 2.32463 2.4601 2.5989 2.74811 2.89755 3.04674 
2.20407 2.34021 2.47587 2.61468 2.76245 2.91084 3.0635 
2.22094 2.35575 2.49158 2.62918 2.77886 2.92327 3.08018 
2.23647 2.3713 2.50614 2.64611 2.79399 2.94085 0.830973 
2.25206 2.38771 2.52101 2.66274 1.27917 2.95793 3.11009 
2.26446 2.40398 2.53698 2.67679 1.32837 2.97485 3.12669 
2.28163 1.08795 2.55173 2.69317 2.83889 2.99157 3.14073 
2.29841 2.43419 2.56538 2.70747 2.85472 3.00584 0.900196 
2.31506 2.4501 2.58141 2.72301 1.36126 3.02247 3.17292 
2.32955 2.46585 2.5962 2.73619 1.41001 3.03908 3.18945 
2.34511 2.48145 2.6098 2.75173 2.90007 3.0545 3.20588 
1.11484 2.49665 2.62379 2.76847 2.91737 3.07117 3.22218 
2.37513 2.51193 2.64 2.78304 2.93455 3.08773 3.23709 
2.39067 2.5263 2.65506 2.79897 2.95161 3.10405 3.25199 
2.40611 2.54172 2.67018 2.81497 2.96855 3.1202 3.26808 
2.42152 2.55712 2.68648 2.83108 2.9842 3.13619 3.28305 
2.43682 2.57068 2.70281 2.8483 3.00102 3.15215 3.29904 
2.45108 1.14994 2.71809 2.86544 3.0177 3.16807 0.95852 
2.4651 2.59938 2.73472 2.88248 3.03413 3.18163 3.32843 
2.47822 2.61473 2.75119 2.89709 3.04924 3.19741 3.34292 
2.49475 2.63095 2.76531 2.91171 3.06431 3.21304 3.35746 
2.51008 2.64605 2.78171 2.92756 3.08052 3.22751 3.37326 
2.52547 2.66231 2.79807 1.49512 3.09655 3.24319 3.38893 
2.54197 2.67853 1.3234 2.96035 3.11125 3.2567 3.4036 
2.55743 2.69355 2.82963 2.97705 3.12704 3.27238 3.41837 
2.57272 2.70973 2.84379 2.99349 3.14179 3.28804 3.43432 
2.58804 2.7247 2.85936 3.00975 3.15656 1.69235 3.45014 
2.60436 2.73953 1.42015 3.02478 3.17237 3.31829 3.46492 
2.61845 2.75437 2.88963 3.04084 3.18714 3.33397 3.48069 
2.63365 2.77022 2.90419 3.05579 3.20293 3.34852 3.49532 
2.64993 2.78505 2.92107 3.07187 3.21861 3.36413 3.51002 
2.66599 2.80012 1.46791 3.08787 3.23425 3.37956 3.52494 
2.68073 2.81416 2.95123 3.1038 3.24976 3.3939 1.12558 
1.43797 2.83032 2.96704 3.11951 3.26309 3.40913 3.55375 
2.7075 2.84531 2.98167 3.13501 3.2776 3.42339 1.15626 
2.72287 2.86131 2.99742 3.1482 3.2922 1.7638 3.58419 
2.73918 2.87642 3.01394 3.16266 3.30652 3.45096 3.59783 
2.75424 2.89057 3.02907 3.17715 3.32185 3.46429 3.61156 
2.76837 2.9057 3.04313 3.19269 3.33572 3.47661 3.62534 
2.78357 2.92085 3.05952 3.208 3.35062 3.49227 3.64038 
2.79882 2.93706 3.07464 3.22325 3.36559 3.50785 3.6554 
2.81503 2.95198 3.08874 3.23826 3.37756 3.52343 3.67163 
2.83017 1.46813 3.10395 3.25298 3.39203 3.53882 3.68447 
2.84524 2.9828 3.12003 3.26671 3.4054 3.55311 3.70085 
2.85935 2.99771 3.13568 3.27739 3.42101 3.56647 3.71587 
2.8735 3.01269 3.14981 3.29167 3.43526 3.581 3.73083 
2.88879 3.02748 3.16292 3.30688 3.44945 3.59455 3.74466 
2.9028 3.04019 3.17841 3.32201 3.46475 3.61023 3.75849 
2.91684 3.05415 3.19375 3.33615 3.48006 3.62465 3.77444 
2.93286 3.0703 3.209 3.35128 3.49428 3.63917 3.7893 
2.94877 3.08533 3.22421 3.36641 3.5095 3.65489 3.80535 
2.96354 3.10026 3.23724 3.38053 3.52463 2.06116 3.82129 
2.97841 3.11599 3.25255 3.39561 3.53765 3.68329 3.83603 
2.99428 3.13049 3.2657 3.40956 3.55285 3.69819 3.85077 
3.00977 3.14408 3.28084 3.42269 3.56698 3.71407 3.86564 
3.02513 3.15856 3.29391 3.4379 3.58239 3.72988 3.88163 
3.03941 3.17398 3.30924 3.45311 3.59775 3.74465 3.89749 
3.05367 3.18747 3.32453 3.46832 3.6131 2.13088 3.91203 
3.06787 3.20015 3.33969 3.48252 3.62728 3.77524 3.92644 
3.08285 3.21503 3.35383 3.49772 3.64268 3.78969 3.94099 
1.80524 3.23081 3.36799 3.51279 3.65699 3.80521 3.95546 
3.11039 3.24529 3.3823 3.52779 3.67139 3.82069 3.97081 
3.12576 3.26083 3.39766 1.84294 3.68595 3.83613 3.98607 
3.14103 3.27533 3.41166 3.55575 3.70047 3.85147 4.00028 
3.15626 3.29063 3.42572 3.56879 3.71603 3.86461 1.5809 
3.17134 3.30387 3.43974 3.58418 3.73129 3.87884 4.02805 
3.18627 3.31915 3.45485 3.59845 3.74516 2.2904 4.04266 
3.20123 3.33437 3.46992 3.6137 3.7599 3.90471 4.05832 
3.2162 3.34949 3.48391 3.62775 3.77383 3.92051 4.07387 
3.23012 3.36344 3.49801 3.64281 3.78678 3.93407 4.08931 
3.24414 3.37748 3.51315 3.65756 3.80075 3.94795 1.62791 
3.25799 3.39174 3.52821 3.6723 3.81588 3.96391 4.11856 
3.27275 3.40506 3.54212 3.68606 3.8301 3.97973 4.13356 
3.28662 3.42035 3.55709 3.70079 3.84449 3.99526 4.14646 
3.30057 1.94449 3.57098 3.71457 3.85998 4.0106 4.16151 
3.31538 3.44773 3.58588 3.72954 3.87543 4.02587 1.67631 
3.32919 3.46299 3.59981 3.74449 3.8898 4.04094 4.19028 
3.34303 3.47714 2.03285 3.75843 3.90524 4.05491 4.20512 
3.35785 3.49121 3.6278 3.77343 3.91944 4.06891 4.21888 
1.94068 3.50625 3.64187 3.7883 3.93252 4.08295 4.23369 
3.38656 3.5212 3.65686 3.80107 3.94774 4.09702 1.74186 
3.39957 3.5352 3.67172 3.81495 3.96187 4.11183 4.26022 
3.41449 3.54933 3.68644 3.82998 3.97707 4.12664 4.27504 
3.42829 3.5615 3.69908 3.84404 3.9922 4.14142 4.28974 
3.44294 3.5765 2.11914 3.85816 4.00725 4.15595 4.30037 
3.4576 3.59026 3.72601 3.87339 4.02219 4.17016 4.3145 
3.47212 3.60505 3.74006 3.88647 4.03603 4.1843 4.32871 
3.48665 3.61969 3.75413 3.90172 4.05064 4.1957 4.34394 
3.49928 3.63349 3.76931 3.91684 4.06501 4.20823 4.35584 
3.51212 3.64829 3.78425 3.92989 4.07918 4.22283 4.37092 
3.52698 3.66217 3.79915 3.94501 4.0934 4.23745 4.38583 
3.5417 3.67615 3.81402 3.95886 4.10666 4.24996 4.39871 
3.5562 3.68921 3.82668 3.97257 4.11892 4.26358 4.41278 
3.56977 3.70401 2.23973 3.9872 4.13226 4.2783 4.4278 
3.58428 3.71777 3.85451 4.00075 2.30773 4.29304 4.44271 
3.59783 3.73245 3.86835 4.01425 4.16031 4.30777 4.45748 
3.61219 3.74517 3.88013 2.23996 4.17492 4.32248 4.47214 
3.62646 3.75871 3.89416 4.04251 4.18832 4.33419 4.48673 
3.63968 3.77216 3.9072 4.05608 4.20271 4.34923 4.50124 
3.65295 3.78483 3.92223 4.06975 4.21709 4.36316 4.51548 
3.66681 3.79594 3.93716 4.08444 4.23146 4.37811 4.52966 
3.67971 3.81112 3.95102 4.09703 4.24479 4.38983 4.54272 
3.69376 3.82621 3.96563 4.11068 4.25803 4.40379 4.5568 
3.70613 3.84026 3.98017 4.1252 4.26929 2.75912 4.57074 
3.72049 3.85413 3.99265 4.13753 2.44672 4.43168 4.5837 
3.73478 3.86887 2.44308 4.15097 4.29737 4.44544 4.59772 
3.74898 3.88251 4.01955 4.16445 4.31087 2.79489 4.61083 
3.7632 3.89709 4.03395 4.17792 4.32436 4.47387 4.62499 
3.77637 3.90986 4.04815 4.19139 4.33803 4.48845 4.63814 
3.78873 3.9236 4.06144 2.46614 4.35278 2.81298 4.65112 
3.80278 3.93452 4.07469 2.48466 4.36332 4.5161 4.66425 
3.81653 3.9466 4.08877 4.23048 4.37719 4.52928 4.67646 
3.82838 3.95985 4.10271 4.24491 4.39208 4.54335 4.69065 
3.84058 3.97504 4.11562 4.25847 4.40681 4.55632 2.10812 
3.85483 3.98994 4.12943 4.27017 4.42131 4.57021 4.71659 
3.86901 4.00381 4.14313 4.28412 4.43568 4.58315 4.73062 
3.88137 4.01753 4.15694 4.29906 4.44888 4.59717 4.7446 
3.89578 4.0322 4.17077 4.31263 4.46123 4.61018 4.75749 
2.38277 4.04665 4.18372 4.32717 4.47559 4.62405 4.7703 
3.92046 4.06009 2.53022 2.66567 4.48889 4.63783 4.78402 
3.93513 4.07256 4.21064 4.35424 4.5032 4.65152 4.79685 
3.94668 4.08528 4.22459 4.3677 4.51651 4.66515 4.81063 
3.9612 2.75687 4.23761 4.38219 4.53073 4.67869 4.8224 
3.97526 4.10993 4.25073 4.39661 4.54484 2.90485 4.83446 
3.98921 4.12379 4.26394 4.40989 4.55682 4.70349 4.84865 
4.00142 2.82857 4.27722 2.72004 4.56985 4.71704 4.86261 
4.01536 4.14937 4.29039 4.43592 4.5811 4.73063 4.87651 
4.0292 4.16222 4.30453 4.44984 4.59536 4.74419 4.88944 
4.04288 4.17622 4.31862 4.46372 4.60856 4.75767 2.28219 
4.05664 4.19016 4.33265 4.47734 4.6209 4.77099 4.91561 
4.06958 4.2039 4.34375 4.491 4.63516 4.78431 4.92871 
4.08339 4.21744 4.35707 4.50471 4.64918 4.79682 4.94278 
4.09638 4.2319 4.37138 4.5183 4.66124 4.81035 4.9567 
4.11038 4.24624 4.38462 4.53181 4.6751 4.82114 4.9697 
4.12353 4.26048 4.39882 4.54437 4.68879 4.8348 4.98181 
4.13584 4.27376 4.41173 4.5562 4.70245 4.84843 4.99582 
4.14924 4.28696 4.42557 4.57006 4.71609 4.86205 5.00864 
4.16334 4.30026 4.43842 4.58294 2.92603 4.87471 5.02259 
4.17731 4.31327 4.44946 4.59477 2.94515 4.88839 5.03653 
4.19107 4.32529 4.46237 4.60764 4.75416 4.90209 5.05044 
4.20386 4.33922 4.47624 4.62136 3.02043 4.91488 5.06426 
2.61541 4.35219 4.49005 4.63466 4.77621 4.92677 5.07705 
4.22963 4.36617 4.5036 4.64612 4.79028 4.93968 5.08987 
4.24355 4.38 4.51605 4.65868 4.80332 4.95259 5.10358 
4.25652 4.3928 4.52946 4.67109 4.81448 4.96656 5.11725 
4.27019 4.40297 4.54264 4.68356 4.8278 4.97951 5.13085 
4.28355 4.41709 4.55571 4.69519 4.841 4.99242 5.14261 
4.29698 3.11265 4.56858 4.70775 4.85232 5.00431 5.15638 
4.30847 4.4414 2.85269 4.72124 4.86647 5.01643 5.16996 
4.32085 4.4536 4.59191 4.73477 4.87939 5.02962 5.18238 
4.33245 4.4666 4.60528 4.74821 4.89338 5.04369 5.19562 
4.34507 4.48047 4.6176 4.76086 4.90727 5.0567 5.20871 
2.80249 4.49247 4.631 4.77439 4.92023 3.29211 5.22164 
4.36971 4.50633 4.64439 4.78793 4.93399 5.08244 5.23279 
4.38333 4.51926 4.65686 4.80147 4.94765 3.32976 5.24593 
4.39693 4.53296 4.67038 4.815 4.96117 5.10887 5.25911 
4.41049 4.54575 4.68387 4.82842 4.97379 5.12157 5.27233 
4.42395 4.55848 4.6945 4.84082 4.98545 5.13526 5.28557 
4.43558 4.57023 4.70809 4.85325 4.99922 5.14886 5.29863 
4.44811 4.58385 4.72058 4.86585 5.01294 5.16237 2.51616 
4.45986 4.59723 4.73318 4.87833 5.02483 5.17564 5.32282 
2.92045 4.61058 4.74647 4.88998 3.3947 5.18785 5.33576 
4.48478 4.62307 4.75973 4.90349 5.05048 5.1993 5.34857 
4.49836 4.63479 3.05423 4.91699 3.41235 5.21262 5.35966 
4.5102 4.64714 4.78192 4.93036 5.07665 5.22569 5.37176 
4.52373 4.6603 4.79576 4.94373 5.09015 5.23856 5.38403 
3.00269 4.67351 4.80935 4.95536 5.10355 5.25133 5.39543 
4.54913 4.68668 4.82195 4.96893 5.11673 5.26309 5.40792 
4.5618 4.69906 4.83459 4.98233 5.12804 5.27563 5.41859 
4.57434 4.70968 4.84729 4.99457 5.14036 5.28721 5.4313 
4.5868 4.72312 4.86089 5.00777 5.15343 5.29899 5.44485 
4.59995 4.73396 3.21585 5.01996 5.16545 5.31102 5.45834 
4.61215 4.74648 4.88524 5.03297 5.1774 5.32139 5.47169 
4.62511 4.75924 4.89883 5.04592 5.19014 5.33475 5.48493 
4.63727 4.77273 4.91042 5.05794 5.20206 5.34715 5.49718 
4.65044 4.78609 4.92394 5.07082 5.21481 5.35956 5.50946 
4.66359 4.79857 4.93731 5.08265 5.22592 5.37266 5.52099 
4.67659 4.81111 4.94964 5.0954 5.23894 5.38572 5.53445 
4.68795 4.82364 4.96288 5.10816 5.25184 5.39798 5.5477 
3.15127 4.83702 4.97518 5.12093 5.26472 5.40923 5.55992 
4.71275 3.53145 4.98572 5.13271 5.27558 5.42162 5.57207 
4.72583 4.86155 4.99906 5.14533 5.28845 5.43486 5.58429 
4.73889 4.87466 5.01045 3.29994 5.30038 5.44703 2.90375 
4.75178 4.88602 5.02369 5.16878 5.31319 5.45904 5.60645 
4.76295 4.89911 5.03588 5.18155 5.32596 5.47097 5.62006 
4.77579 4.90872 5.04622 5.19347 5.33768 5.48313 5.63343 
4.78839 4.92185 5.05948 5.20524 5.34953 5.4953 5.64581 
4.80095 4.93319 5.07082 5.21794 5.36224 5.50753 5.65815 
4.81192 4.9463 5.08407 5.2306 3.68132 5.52069 5.67126 
4.82467 3.67103 5.09717 5.2422 5.38604 5.53371 5.6825 
4.83723 4.97094 5.11008 5.25393 5.39895 5.54652 5.6948 
4.84976 4.98335 5.12198 5.26658 5.41008 5.55929 5.70708 
4.86235 4.99642 5.13398 5.27911 5.42211 5.57018 5.71855 
4.87417 5.00846 5.14511 5.2915 5.43416 5.58293 5.73092 
4.88438 5.01963 5.15729 5.3039 5.44715 5.59565 5.74396 
4.89548 5.03182 5.17033 5.31547 5.46008 5.60824 5.75502 
4.90825 5.04328 5.18311 5.32726 5.47293 5.62069 5.76702 
3.33787 5.05649 5.19572 5.33826 5.48562 5.63213 5.77739 
4.93138 5.06959 5.20813 5.35035 5.49821 5.6443 5.78867 
4.94356 5.0809 5.21977 5.36331 5.50984 5.65647 5.80172 
4.95569 5.09393 5.23236 5.37608 5.52217 3.91705 3.28255 
4.96722 5.10687 5.24495 5.38874 5.53334 5.67706 5.82497 
4.98037 5.11898 5.25664 5.40121 5.54553 5.68963 5.838 
4.99345 3.83624 3.65145 5.41282 5.55767 5.70135 5.84924 
5.00551 5.14334 5.27857 5.42529 5.56982 5.71385 5.86154 
5.01765 3.85026 5.29148 5.4377 5.582 5.72635 5.87465 
5.03048 5.16752 5.30338 5.44919 5.5934 5.73886 5.88681 
5.04325 5.17993 5.31437 5.46145 5.60477 5.74872 5.89819 
5.0543 5.19151 5.32726 5.47366 5.6169 5.76142 5.91132 
5.06707 5.20396 5.34004 5.48577 5.62824 5.77326 5.92341 
5.07887 5.21491 5.35271 5.49774 5.63964 5.78502 5.93464 
5.09145 5.22751 5.36445 5.50956 5.64935 5.79678 5.94691 
5.10397 5.23926 5.37694 5.52041 5.66106 5.80949 5.96003 
5.11476 5.25105 5.38835 5.53146 5.67371 5.8222 5.97209 
5.12652 5.26279 5.40061 3.61895 3.95728 5.83471 5.98317 
5.1383 5.27537 5.41253 5.55315 5.69798 5.84545 5.99517 
5.15092 5.28768 5.42201 5.56536 5.70955 5.85724 6.00805 
5.16343 5.29898 5.43427 5.5774 5.71944 5.86905 6.02003 
5.17502 5.31113 5.44544 5.5869 5.73131 5.88168 6.03202 
5.18583 5.32235 5.45667 5.59912 5.74392 5.89268 6.04469 
5.19829 5.33437 5.46877 5.61136 5.7565 5.90547 6.05724 
3.6682 3.97894 5.48088 5.62363 5.76906 5.91724 6.06887 
5.22148 5.35613 5.493 5.63592 5.78153 5.92989 6.08043 
5.23364 5.36841 5.5042 5.64735 5.79318 5.94244 6.0929 
5.245 5.38058 5.51633 5.6588 5.80574 5.95493 6.10356 
5.25724 4.02258 5.52833 5.67039 4.0844 5.9656 6.11605 
5.26935 5.40405 5.53949 5.68271 5.82886 5.97809 6.12849 
5.28072 5.41531 5.55159 3.78015 5.84058 5.99055 6.14077 
3.71814 5.42738 5.56281 5.70635 5.85224 6.00117 6.15223 
5.30413 5.4394 5.57491 5.71853 5.86379 6.01269 6.16198 
5.31548 5.45143 5.58697 5.72984 5.87612 6.02408 6.17275 
5.32686 5.46189 5.59896 5.74208 5.88831 6.03535 6.18359 
5.33809 5.47329 5.61019 5.75426 5.8996 6.04743 6.1944 
5.34945 5.48545 3.92939 3.84126 5.91181 6.05937 6.20696 
5.3593 5.49662 5.63157 5.77452 5.92387 6.07042 6.21767 
5.3707 5.50707 5.64343 5.78539 5.93588 6.08235 6.22998 
5.38123 5.51748 5.65357 5.7964 5.94785 6.09413 3.86569 
5.39336 5.52937 4.03477 5.80667 5.95976 6.10562 3.89492 
5.40543 5.54109 5.67561 5.81964 5.97079 6.11704 6.2613 
5.41744 5.55283 5.68766 5.83238 5.98267 6.12854 6.27392 
5.42863 5.56452 5.69892 5.84416 4.21288 6.13934 6.28641 
5.43984 5.57622 5.71105 5.85576 6.00455 6.1504 6.29874 
5.45117 5.58795 5.72311 5.86726 6.01636 6.16235 6.31085 
5.46249 5.59893 5.7351 5.87955 6.0266 6.17426 6.32122 
5.47454 5.61081 4.07 5.89163 6.0378 6.18595 6.33258 
5.48639 5.62104 5.7567 5.90363 6.04985 6.19762 6.34397 
5.49814 5.63264 5.76742 5.91557 6.06103 6.20926 6.35625 
5.50917 5.64431 5.77982 5.92662 6.07304 6.22014 6.36834 
5.52087 5.65449 5.79115 5.937 6.08492 6.23192 6.37957 
5.53166 5.66558 5.8024 5.94748 6.09676 6.24363 6.39078 
5.54252 5.67746 5.8144 5.95978 6.10767 6.25365 6.40195 
5.55356 5.68934 5.82641 5.9719 6.11935 6.26545 6.41382 
5.56469 5.70121 4.19183 5.98319 6.131 6.27643 6.42556 
5.57581 5.71223 5.84941 5.99448 6.14258 6.28821 6.43568 
4.09218 5.72324 5.86057 6.00657 6.15416 6.29984 6.4474 
4.10802 5.73436 5.87251 6.01781 6.16574 6.31147 6.45898 
5.60868 5.74633 5.88443 6.02985 6.17721 6.32149 6.47051 
5.62069 5.75826 5.89629 6.04098 6.18848 6.33249 6.48129 
5.63194 5.77017 5.90808 6.05207 6.19901 6.34413 6.49139 
5.64321 5.78196 5.91891 6.06317 6.21041 6.35488 6.50322 
5.65453 5.79367 5.93062 6.07421 6.2217 6.36568 6.51423 
5.66653 5.80314 5.94212 6.0845 6.23296 6.37736 6.52603 
5.67685 4.35508 5.95278 6.09561 6.24268 6.3882 6.53693 
5.68872 5.82599 5.96343 6.10585 6.25412 6.39987 6.54864 
5.69908 5.83681 5.97333 6.11774 6.264 6.41143 6.55864 
5.7109 5.84766 5.98485 6.1278 6.27405 6.42274 6.56883 
5.72263 5.8592 5.99474 6.13943 6.28506 6.43404 6.58076 
5.73346 5.86905 6.00484 6.15102 6.2968 6.44465 6.59263 
5.74486 5.87821 4.41997 6.16183 6.30759 6.4554 6.60435 
5.75603 5.88893 6.02616 6.17331 6.31849 6.46619 6.61599 
5.76561 5.89912 6.0371 6.18074 6.32936 6.47707 6.62745 
5.77535 5.9108 6.04855 6.19184 6.34088 6.48799 6.63799 
5.78671 5.92175 6.05997 6.20371 6.35165 4.67332 6.64841 
5.79742 5.93334 6.06985 6.21543 6.3599 6.51043 6.65964 
4.36047 5.94334 6.08146 6.22594 6.37103 6.52114 6.66998 
5.81823 5.95494 6.09208 6.2358 6.38288 6.5326 6.68029 
5.82978 5.96566 6.10343 6.24581 6.39387 6.54391 6.69152 
5.84122 5.97719 6.11457 6.25679 6.40476 6.55368 6.70278 
5.85196 5.98865 6.12572 6.26769 6.41562 6.56508 6.71323 
4.39168 5.99936 6.13686 4.70375 6.42567 6.57642 6.72452 
5.87413 6.01053 6.14498 6.29014 6.43665 6.58692 6.73499 
5.88473 6.0209 6.15642 6.30091 6.44842 6.59819 6.7455 
5.8961 6.03206 6.16781 6.31167 6.45926 6.60856 6.75609 
5.90734 6.04256 6.17834 6.32324 6.47005 6.6189 6.76596 
5.91645 6.05368 4.60697 6.33313 6.48084 6.6299 6.77585 
5.92781 6.0632 6.19869 6.34384 6.49087 6.64087 4.37773 
5.93822 6.07353 6.20941 6.35534 6.50248 6.6509 6.79647 
5.94872 4.67208 6.22086 6.36601 6.51312 6.66108 6.80796 
5.95988 6.09519 6.23226 6.37738 6.52376 6.67207 6.8178 
5.97032 6.10646 6.24358 6.38716 6.53514 6.68292 6.82856 
5.98086 6.1169 6.25396 6.39795 6.54644 6.69379 6.84001 
5.99137 6.12813 6.26515 6.40875 6.55762 4.86641 6.85137 
6.00187 6.1379 6.27552 6.41957 6.5686 6.71407 6.85959 
6.01238 6.14917 6.28668 6.43035 6.57793 6.72348 6.87107 
6.02359 6.15975 6.2978 6.44176 6.58883 6.73292 4.55325 
6.03325 6.16964 6.30887 6.45154 6.59959 6.74386 6.89096 
6.04309 4.7775 6.3191 6.46297 6.61035 6.75479 6.90076 
6.0543 6.19098 6.33012 6.47275 6.62036 6.76561 6.91225 
6.06484 6.20236 6.34096 6.48335 4.96772 6.77505 6.92363 
6.07615 6.21356 6.35108 6.49377 6.64039 6.78468 6.93495 
6.0874 6.22395 6.36121 6.50495 6.65033 6.79437 6.94552 
6.09854 6.23504 6.37215 6.51519 6.66033 6.80571 6.95617 
6.10829 6.24608 4.74307 6.52615 6.67028 6.81546 6.96594 
6.11947 6.25631 6.39252 6.53698 6.68108 6.8259 6.97661 
6.12988 6.26652 6.40357 6.54775 6.6911 6.83723 6.988 
6.13947 6.27678 6.41386 6.55838 6.70116 6.84709 6.99925 
6.15055 6.28703 6.42418 6.56899 6.71203 6.85847 7.00964 
6.16089 6.29798 6.43445 6.5789 5.07237 6.8698 7.02075 
6.17056 6.30882 6.44468 6.58956 6.73323 6.88102 7.03023 
6.18033 6.31944 6.45346 6.6002 6.74344 6.8906 7.04125 
6.19087 6.32867 6.46464 6.61014 6.75425 6.89948 7.05137 
6.20134 6.33874 6.47563 6.61941 6.76495 6.91083 7.0622 
6.2117 6.34886 4.92935 6.6303 6.77573 6.9221 7.07298 
6.22267 6.35876 6.49465 6.64115 6.78579 6.93329 7.08377 
6.23216 6.36881 6.50504 5.11229 6.79602 6.9444 7.09441 
6.24169 6.37888 6.51605 6.6612 6.80707 5.25294 7.10493 
6.25253 6.38846 6.52703 6.67207 6.81721 6.96483 7.11402 
6.26334 5.01697 6.53782 6.68147 6.82812 6.9757 7.12398 
6.27407 6.40981 6.54775 6.69088 6.83826 6.98576 7.13477 
6.28417 6.42071 6.55843 6.70192 6.84912 6.99657 7.14475 
6.2943 6.43085 6.56897 6.71074 6.85996 7.00731 7.1555 
6.30507 6.44091 6.5781 6.7219 6.87008 7.01803 7.16618 
6.31578 6.45166 6.58874 6.73151 6.88084 7.02732 7.17684 
6.32648 5.06142 6.59785 6.74274 6.89151 7.03818 4.79556 
6.3369 6.47025 6.60871 6.75388 6.90213 7.04821 7.19747 
6.34722 6.48109 6.61875 6.76266 6.91199 7.05901 7.20814 
6.3576 6.49182 6.62871 5.31878 6.92199 7.06978 7.21875 
6.36674 6.50247 6.63945 6.78413 6.93277 7.08051 7.22921 
6.37725 6.51175 6.64944 6.79445 6.94345 7.08974 7.2396 
6.387 6.52247 6.6601 6.80411 6.95401 7.10055 7.24997 
6.39754 6.53317 6.6707 6.81457 6.96459 7.1112 7.25888 
4.9957 6.54377 6.68064 6.82577 6.97499 7.12028 7.26865 
6.41681 6.55434 6.69138 6.83601 6.98467 7.13014 4.85626 
6.42758 6.56482 6.70141 6.84699 6.99505 7.14062 7.28807 
6.43825 6.57467 6.71212 6.85712 7.00471 7.15038 7.29865 
6.44883 6.58457 6.72275 6.86724 7.0151 7.16082 7.30781 
6.45803 6.59456 6.73337 6.87802 7.02473 7.17041 7.317 
6.46656 6.6045 6.74185 6.88787 7.03434 7.18005 7.3276 
6.47662 6.61505 6.75257 6.89773 7.04329 7.19045 7.33805 
6.48737 6.6242 6.76177 6.90818 7.05306 7.20016 7.34846 
6.4973 6.63475 6.77254 6.91786 7.06357 7.21063 7.35882 
6.50786 6.6439 6.78173 6.92762 7.07332 7.22097 7.36852 
6.5176 6.65378 6.79243 6.93793 7.08174 7.23053 7.37753 
6.5274 6.66444 6.80305 6.94809 7.09174 7.24079 7.38801 
6.53654 6.67441 6.81359 6.95818 7.10102 7.25098 7.39774 
6.54594 6.68507 5.27599 6.9669 7.11181 7.26116 7.40794 
6.55604 6.69487 6.83297 6.97724 7.12245 7.27061 7.41745 
6.56615 6.70537 6.84333 6.98693 7.13298 7.2807 7.42703 
6.57694 6.71581 6.85294 6.99736 7.14272 7.29075 7.43671 
6.58755 6.72488 6.86334 7.00754 7.15174 7.2995 7.44719 
6.59736 6.73469 6.87303 7.0177 7.16129 7.30769 7.45688 
6.60719 6.74517 6.8834 7.02709 7.17135 7.31452 7.4666 
6.61641 6.75491 6.89285 7.03591 7.18121 7.32529 7.47629 
6.62683 6.7634 6.90298 7.04545 7.19049 7.33594 7.48669 
6.63708 6.77265 6.91234 7.05498 7.20061 7.34654 7.49707 
6.6472 6.78191 6.92242 7.06456 7.21073 7.35639 7.50741 
6.6572 6.79123 6.9324 7.07346 7.22085 7.367 5.09497 
6.66654 6.80199 6.94228 7.08393 7.23031 5.75026 7.52585 
6.67603 6.81251 6.95086 7.09356 7.23968 7.38637 5.13969 
6.68621 6.82223 6.96079 7.10253 7.24988 7.3966 7.54445 
6.69639 6.83254 6.96998 7.11231 7.26006 7.40676 7.55495 
6.70647 6.84141 6.97928 7.12199 7.2688 7.41627 7.5654 
6.71638 5.56869 6.98792 7.13155 7.27766 7.42586 7.57577 
6.7248 6.85796 6.99805 7.14181 7.28793 7.43556 7.58596 
6.73454 6.86849 7.00817 5.76011 7.29746 7.44529 7.596 
6.7438 6.87895 7.0182 7.16151 7.30697 7.45503 7.60592 
6.75376 6.88914 7.02625 7.17165 7.31722 7.46476 7.61583 
6.76373 6.89909 7.03519 7.18161 7.32534 7.47454 7.62573 
6.77364 5.63605 7.04488 7.1915 7.33576 7.48494 7.63426 
6.78336 5.66285 7.0553 7.20136 7.34474 7.49498 7.64303 
6.79297 6.9261 7.06562 7.21047 7.3545 5.91949 7.65318 
6.80132 6.93573 7.07436 7.21899 7.36485 7.51381 7.66319 
6.81044 6.94468 7.08438 7.22777 7.37511 7.52325 7.67234 
6.81945 6.95373 7.09366 7.23734 7.3852 5.98564 7.68214 
6.82792 6.96335 7.10302 7.24761 7.3944 7.5402 7.69181 
6.83717 5.76724 7.11178 7.25778 7.40428 7.5506 7.70135 
6.84702 6.98246 7.12132 7.26785 7.41344 7.55948 7.71022 
6.85564 6.9926 7.13021 7.27784 7.42332 7.56968 7.71844 
6.86505 7.00259 7.13992 7.28771 7.43188 7.57898 7.72808 
6.87514 7.0119 7.14963 7.29749 7.44186 7.58901 7.73772 
6.88439 7.02072 7.16006 7.30729 7.45183 7.59897 7.74733 
6.89372 7.03028 7.1704 7.3171 7.46174 7.6082 7.75686 
6.90364 7.03988 7.17993 7.32554 7.47152 6.12967 7.76576 
6.91352 7.0494 7.18939 7.33541 7.48051 7.62605 7.77483 
6.92271 7.059 7.19948 7.3446 7.49021 7.63587 7.78328 
6.932 7.06915 5.78672 5.92618 7.49926 7.64561 7.79307 
6.94196 7.07908 7.21683 7.3623 7.50828 7.65398 5.38157 
6.95132 7.08894 7.22618 7.37219 7.51728 7.66372 7.81144 
6.96122 7.09811 7.23563 7.38186 7.52576 7.67338 7.82 
6.9698 7.10723 7.24436 7.39075 7.5343 7.68231 7.82999 
6.97973 7.11693 7.25382 7.40029 7.54356 7.69203 7.83985 
6.98894 7.12605 7.26389 7.40916 7.55348 7.70114 7.84968 
6.99818 7.13584 7.27314 7.41876 7.56198 7.71093 7.85941 
7.00804 7.14502 7.28311 7.42826 7.57201 7.72071 7.86909 
7.01659 7.15485 7.29299 7.43766 7.58068 7.72979 7.87873 
7.02599 7.16458 5.91952 7.44518 7.59066 7.7388 7.88631 
7.03536 7.17419 7.31096 7.45361 7.59989 7.74834 7.89544 
7.04465 7.18323 7.32051 7.46338 7.60915 7.75789 7.90523 
7.05463 7.19284 7.32942 7.47314 7.61908 7.76678 7.91494 
7.06454 7.20238 7.33908 6.0621 7.62887 7.77641 7.92331 
7.07369 7.21135 7.34863 7.49136 7.63855 7.78529 7.93321 
7.0835 5.9609 7.35815 7.50125 7.64809 7.79362 7.94232 
7.09262 7.22998 7.36769 7.51102 7.65625 7.80332 7.95213 
7.1016 7.23842 7.37661 7.51991 7.66527 7.81227 7.96124 
7.11119 7.24672 7.38427 7.52953 7.67491 6.32074 7.96964 
7.12058 7.25577 7.39404 7.53912 7.68441 7.83011 7.9782 
7.12998 7.26539 7.40315 7.54799 7.69317 7.83907 5.60667 
7.13878 6.05269 7.41285 6.12256 7.70196 7.84867 7.99735 
7.14759 7.28355 7.42237 7.56573 7.71078 7.85683 5.66438 
7.15707 7.29326 7.43184 7.57511 7.71897 7.86559 8.01386 
7.16656 7.30286 7.44068 7.58445 7.72835 7.87384 5.7066 
7.17547 7.31233 7.44957 7.59374 7.73706 7.88345 8.03261 
7.18501 7.32175 7.45844 7.60298 7.74652 7.89306 8.04191 
7.19335 7.33102 7.46669 7.61159 7.75535 7.90266 8.0518 
7.2024 7.34024 7.47624 7.62026 7.76491 7.91227 8.0615 
7.21138 7.34829 7.48506 7.62883 7.77249 7.91989 8.07111 
7.22074 7.35588 7.49449 7.63808 7.78202 7.92905 8.08002 
7.22946 7.36545 7.50388 7.64734 7.79152 7.93885 8.08955 
7.23821 7.37498 6.11199 7.65602 7.79967 7.94726 8.09902 
7.24757 7.38314 7.52056 7.66462 7.80915 7.95649 8.10842 
7.25682 6.17162 7.52998 7.67388 7.81803 7.96637 8.11778 
7.26419 7.4002 7.53927 7.6819 7.82765 7.97616 8.127 
7.27346 7.40916 7.54842 7.69069 7.83666 7.98582 8.13547 
7.28214 7.41867 7.55699 7.70016 7.84634 7.99536 8.14461 
7.29142 6.24823 7.56626 7.70961 7.85534 8.00478 8.15311 
7.30038 7.43478 7.57491 7.71901 7.86436 8.01406 8.16103 
7.30887 7.44382 7.58427 7.72836 7.87402 8.02255 5.82184 
7.31685 7.45351 7.59295 7.73774 7.88355 8.03158 8.17768 
7.32553 7.46185 7.60234 7.74648 7.89297 8.03998 8.18694 
7.33476 7.47088 7.611 7.75518 7.90031 8.0479 8.19613 
7.34385 7.47738 7.62032 7.76444 7.90969 8.05705 5.87849 
7.35222 7.48738 7.62962 7.77359 7.9171 8.06544 8.21275 
7.36129 7.49663 7.63887 7.7826 7.92589 8.07457 8.22201 
7.36867 7.5065 6.21572 7.7915 7.93405 8.08246 8.23111 
7.37803 7.51552 7.65596 6.33705 7.94343 8.09037 8.23894 
6.0633 6.40637 7.66501 7.80773 7.9526 8.09904 5.9208 
7.39553 7.53339 7.6734 7.81626 7.96173 8.10758 8.25606 
7.40426 7.54231 7.68239 7.82489 7.9708 8.11676 8.26465 
7.41365 7.55117 7.69074 7.83343 7.97865 8.1259 8.27388 
7.42233 7.55988 7.69846 7.84072 7.98779 8.13371 8.28188 
7.43159 7.56854 7.70743 7.8501 7.99683 8.14286 8.29119 
7.43905 7.57777 6.32019 7.85942 8.00582 8.1514 8.29972 
7.44846 6.47723 7.72369 7.86746 8.01479 8.16045 8.30699 
6.16005 7.59526 7.7327 7.8756 8.02375 6.76257 8.31513 
7.46522 7.60416 7.74056 7.88506 8.03259 8.17692 8.32453 
7.47346 7.61307 7.74974 7.89378 6.58298 8.18531 8.3331 
7.48293 7.622 7.75883 7.90242 8.04949 8.1943 8.34172 
6.24055 7.63091 7.76725 7.9117 8.05768 8.20328 8.35101 
7.50055 7.63922 7.77639 7.92083 8.06656 8.21162 8.35958 
7.50866 7.64813 7.78491 7.92985 8.07473 8.21937 8.36822 
7.51748 7.65703 7.79398 7.93762 8.08349 8.22846 8.37676 
7.52683 7.66539 7.80291 7.94613 8.09227 8.23742 8.38476 
7.53602 7.67375 7.81121 7.95463 8.10099 8.24577 8.39414 
7.54454 7.68213 7.82016 7.96373 8.10913 8.25481 8.40345 
7.55305 7.69055 7.82849 7.97207 8.11731 8.26324 8.41198 
7.56212 7.69946 7.8362 7.98038 8.12559 8.27222 8.42059 
6.34563 7.70819 7.84463 7.98933 8.13453 8.28121 8.42972 
7.57809 7.71688 7.85311 7.99826 8.14343 8.2896 8.4387 
7.58729 7.7256 7.86218 8.00656 8.15166 8.29793 8.44647 
7.59641 7.73435 7.87114 8.01485 8.16052 8.30682 8.45438 
7.60484 7.74257 7.88004 8.0238 8.16936 8.3156 8.46305 
7.61279 7.75136 7.88834 8.03273 8.17817 8.3238 8.47216 
7.62191 7.76013 7.8973 6.64837 8.18691 8.33271 8.48123 
7.63043 7.7689 7.90613 6.67748 8.19506 8.34095 8.48966 
7.63948 7.77711 7.91483 8.0576 8.20325 8.34988 8.49873 
7.64791 7.7859 7.92291 8.06589 8.2114 8.35818 8.5065 
7.6569 7.7946 6.52542 8.07471 8.2196 8.36649 8.51562 
7.66583 7.80315 7.93921 8.08283 8.22726 8.37538 8.52413 
7.67407 7.81065 7.94798 8.09142 8.2351 8.38428 8.53321 
7.68226 7.81871 7.95556 8.09942 8.24355 8.39261 8.54215 
7.69095 7.82682 7.96435 8.10808 8.25265 8.4015 8.54983 
7.69953 7.83441 7.97237 8.11567 8.26164 8.40974 8.55757 
7.70802 7.84318 7.98101 8.12325 8.26933 8.4179 6.3725 
7.7165 7.85077 7.98951 8.13155 8.27825 8.42596 6.39763 
7.72482 7.85902 7.9975 8.14048 8.28707 8.43404 8.58254 
7.73213 7.86724 8.00612 8.14877 8.29584 8.44283 8.59156 
7.74006 7.87552 8.01461 8.15652 6.87491 8.45156 8.59918 
7.74852 7.88385 8.02308 8.16538 8.31167 8.4602 8.60808 
7.75645 7.89264 8.03041 8.17297 8.32056 8.46829 8.6169 
7.76499 7.90071 8.03838 8.18196 8.32931 8.47646 8.6256 
7.77344 7.90879 8.04647 8.19091 8.33805 8.48525 8.63427 
7.78133 7.91689 8.05515 8.19798 8.34677 8.49396 8.64228 
7.78866 7.92445 8.06313 8.20709 8.3554 8.50201 8.65027 
7.79715 7.93311 8.0712 8.21555 8.36402 8.51063 8.65818 
7.80565 7.94175 8.07983 8.22329 8.37151 8.51908 6.51068 
7.81415 7.95038 8.08842 8.23226 8.37956 8.5262 8.67323 
7.82215 6.78921 8.09704 8.24102 8.38701 8.53466 8.68198 
7.83056 7.96603 8.10562 8.24914 8.39567 8.54257 8.69006 
7.83891 7.97429 8.11417 8.25786 8.40361 8.55053 8.69878 
7.84673 7.98259 6.70173 8.26649 8.4122 7.14853 8.70677 
7.85515 7.99125 8.12958 8.27441 8.41953 8.56644 8.71425 
7.86304 7.99929 8.13822 8.28237 8.42797 8.57319 8.72238 
7.87144 8.00743 8.14674 8.29038 8.43632 8.58182 8.73051 
7.87923 8.01495 8.15406 8.29843 7.02524 8.59041 8.73921 
7.88651 8.02362 8.16261 8.30635 8.45201 8.59894 8.7472 
7.89504 8.03225 8.1711 8.3149 8.46053 8.60733 8.75459 
7.90355 8.04025 8.17839 8.32284 8.46842 8.61513 8.76323 
6.64896 8.04764 8.18632 8.33021 8.47689 8.6236 8.77176 
7.91929 8.05558 8.19426 8.33886 8.48535 8.63199 8.77906 
7.92715 8.06409 8.20225 8.34682 8.49263 8.6403 8.78758 
6.67554 6.94603 8.21079 8.35528 8.50002 8.64862 8.79605 
7.94236 8.07998 8.21931 7.09371 8.50749 7.25119 8.80439 
7.9503 8.08746 8.2277 8.37124 8.51494 8.66368 8.81262 
7.95821 8.09614 6.8625 8.37891 8.523 8.67211 8.81969 
7.96674 8.10461 8.24268 8.38708 8.53055 8.68036 8.82746 
7.9752 8.11248 8.25048 8.39474 8.53871 8.68859 8.83526 
7.98361 8.12081 8.25833 8.40297 8.54748 8.69677 8.84372 
7.99143 8.12807 8.26679 8.41119 8.555 8.70492 8.85154 
7.99922 8.13645 8.27467 8.41931 7.28203 8.71307 8.85993 
8.00758 8.14426 8.28306 8.42688 8.57077 8.72123 8.86827 
8.01538 8.15268 8.29133 8.43448 8.57901 8.7294 8.87653 
8.02368 8.15996 8.29903 8.44273 8.58779 8.73751 8.88367 
8.03134 8.16734 8.30733 7.16123 8.59647 8.74555 8.892 
8.03951 8.17587 8.31496 8.45886 8.60504 8.75306 8.90029 
8.04717 8.18429 8.32327 8.46724 8.61284 8.7601 8.90798 
8.05446 8.19207 8.33103 8.47498 7.33611 8.76776 8.91613 
8.06281 7.09893 8.33931 8.48328 8.6283 8.77597 8.92375 
8.07002 8.20832 8.34758 8.49145 8.63603 8.78309 8.93192 
8.07774 7.15623 8.3552 8.49903 8.64369 8.79031 6.76744 
8.08589 8.22262 8.36286 8.50663 8.65185 8.79747 8.94699 
8.09358 8.23058 8.37106 8.51367 8.65992 8.8052 8.95458 
8.10174 8.23853 8.37858 8.52143 8.66793 8.81298 8.96275 
8.10991 8.24692 8.38603 8.52809 8.67592 8.82132 8.97038 
8.11757 8.25522 8.39396 7.30911 8.68394 8.82956 8.97746 
8.12582 8.26342 8.40132 8.54395 8.6914 8.83718 8.98574 
8.13354 8.27142 8.4083 8.55239 8.69937 8.8437 8.99397 
8.14177 8.27884 8.41592 8.5602 8.70723 8.85213 9.00216 
8.14989 8.28683 8.42414 8.56851 8.71463 8.86051 9.01034 
6.9103 8.29484 8.43235 8.57668 8.72216 8.86882 9.01795 
8.16559 8.30234 8.44054 8.58483 8.73025 8.87641 6.878 
8.17356 8.30946 8.4487 8.59239 8.73828 8.88394 9.03278 
8.1814 8.31668 8.45621 8.60051 8.74574 8.89213 9.04105 
8.18924 8.32494 8.46375 8.60805 8.75375 7.55884 9.04871 
8.19612 8.33256 8.47126 8.61508 8.76163 8.90684 9.0563 
8.20404 8.34019 8.47918 8.6217 8.76951 8.91508 9.06442 
8.21196 8.34833 8.48709 8.63008 8.77742 8.92318 9.07145 
8.21936 8.3559 8.49446 8.63728 8.78533 8.93119 9.07906 
8.22727 8.36289 8.50183 8.64507 8.79272 8.93919 9.08721 
8.23508 8.37095 8.50928 8.65334 8.80019 8.94713 9.0948 
8.24234 8.37745 8.51732 8.66095 8.8077 8.95452 9.10287 
8.25006 8.38512 8.52471 8.66862 8.81572 8.96253 9.11031 
8.25776 7.35956 8.53222 8.67685 8.82315 8.97045 9.11778 
8.26489 8.39967 8.53873 8.68488 8.83013 8.97832 9.12579 
8.27253 8.40777 8.547 8.69228 8.83764 7.63036 9.1337 
8.27978 8.41587 8.55509 8.69975 7.54278 8.99264 9.14152 
7.03048 8.42347 8.56313 8.70711 8.85257 9.00014 9.14925 
8.29402 8.43154 8.57 7.52739 7.56999 9.00767 9.15686 
8.30152 8.43949 8.57795 7.55221 8.8669 9.01465 9.16445 
8.30849 8.44696 8.58581 8.72922 8.87445 9.02272 9.1715 
8.31654 8.45444 8.59367 8.73709 8.88085 9.03061 9.17809 
8.32449 8.4619 8.60101 7.56467 8.88861 9.03841 9.18587 
8.33189 8.46988 8.60871 8.75096 8.89633 9.04619 9.19366 
8.33987 8.47779 8.61582 8.75835 8.90456 7.72892 9.20091 
8.34774 8.48461 8.62299 8.76578 8.91252 9.05955 7.07343 
8.355 8.49196 8.63069 8.77329 8.92041 9.06722 9.21413 
8.36281 8.49984 8.63833 8.78083 8.92716 9.07484 9.22167 
8.3696 8.5072 8.646 8.78881 8.93506 9.08201 9.22967 
8.37695 8.51507 8.65367 8.79622 8.94291 9.08976 9.23757 
8.38389 8.52285 8.66028 8.80419 8.95015 9.09645 9.24479 
8.39087 8.53005 8.66806 8.81151 8.95739 9.10426 9.25253 
8.39892 8.53778 8.6758 8.81928 8.9642 9.11206 9.26021 
8.40641 8.5455 8.68348 8.82653 8.97212 9.11974 9.26687 
8.41436 8.55273 8.69058 8.83329 8.97996 9.12682 9.27418 
8.42226 8.56033 8.69773 8.84118 8.98723 9.13448 9.28206 
8.42864 8.56793 7.37203 7.7224 8.995 9.14165 9.28982 
8.43664 8.57546 8.71253 8.8558 9.00167 9.14885 9.29699 
8.44405 8.58255 8.7202 8.86361 9.00946 9.15657 9.30471 
8.45138 8.58871 8.72787 8.87141 9.01723 9.16428 9.31237 
8.45854 8.59549 8.7345 8.87911 9.02395 9.17142 9.32001 
8.4652 8.60279 8.74168 8.8852 9.03174 9.17912 9.32649 
8.47293 8.61053 8.74927 8.89257 9.03947 9.18616 9.33305 
7.31191 8.61824 7.4281 8.90046 9.04713 9.19364 9.33972 
8.48741 8.62586 8.76407 8.9083 9.05462 9.19899 9.34701 
8.49517 8.63303 8.77179 8.91607 9.06145 9.20656 9.35377 
8.50192 8.64023 8.7795 8.92367 9.06834 9.21354 9.36112 
8.50921 8.64792 8.78647 8.92925 9.07571 9.22063 9.36892 
8.51702 8.65551 8.79347 8.93702 9.0831 9.22821 9.3762 
8.52479 8.66301 8.80051 8.94407 9.08794 9.23534 9.38402 
8.53152 8.67001 7.48404 8.95094 9.09455 9.24253 9.39174 
8.53878 8.67746 8.81505 8.95833 9.10174 9.24969 9.39888 
8.54649 8.68441 8.82201 8.96521 9.10896 9.25741 9.40655 
8.55413 8.69184 8.82892 8.97207 9.11626 9.26452 9.41372 
7.421 8.69826 8.83639 8.97946 9.1235 9.27169 9.42083 
8.56831 8.70573 8.84332 8.98682 9.13072 9.27878 9.42746 
8.5758 8.7127 8.85082 8.9942 9.13829 9.28486 9.43471 
8.58279 8.71971 8.85828 9.00106 9.14582 9.29263 9.44241 
8.59024 8.72717 8.86515 9.00804 9.15336 9.29983 9.45006 
8.59724 8.73451 8.87099 9.01509 9.16084 9.30652 9.45763 
8.60467 8.74128 8.87849 9.02215 9.16818 9.31384 9.46469 
8.61114 8.74853 8.88547 9.02923 9.1755 9.32112 9.47062 
8.61813 8.75579 8.89292 9.03631 9.18236 9.32879 9.47824 
8.62555 8.76167 8.90035 9.04382 9.18825 9.33643 9.48578 
7.49319 8.7691 8.90721 9.05016 9.19543 9.34398 9.49174 
8.63967 8.77602 8.91456 9.05761 9.20199 9.35033 9.49834 
8.64696 8.78345 8.92189 9.06443 9.2096 9.35726 9.50552 
8.65423 8.7904 8.9291 9.07138 9.21662 9.36421 9.51322 
8.66147 8.79778 8.93529 9.07825 9.22319 9.37175 9.52085 
8.66872 8.80503 8.94253 9.08465 9.23085 9.37926 9.52791 
8.67549 8.8118 8.94972 9.09212 9.23746 9.38673 9.53546 
8.68224 8.81903 8.95643 9.09854 9.24514 9.39365 9.54194 
8.68906 8.82577 8.96361 8.04934 9.25218 9.39999 9.54842 
8.69586 8.83253 8.97027 9.11311 9.25962 9.40638 9.55543 
8.7031 8.83926 8.97702 9.12059 9.26653 9.41386 9.56293 
8.70982 8.84645 8.98382 9.12753 9.27345 9.42079 9.56986 
8.71563 8.85315 8.99064 9.13446 9.28038 9.42774 9.57719 
8.72154 8.85986 8.99788 9.14087 9.28734 9.43522 9.58384 
8.72849 8.86661 9.00407 9.14787 9.29432 9.44259 9.5909 
8.73542 8.8737 9.01042 9.15534 9.30122 9.44896 9.59797 
8.74277 8.87986 9.01788 9.16274 9.30867 9.45633 9.60406 
8.75 8.88704 9.02475 9.16857 9.31559 9.46308 9.61127 
8.75674 8.8942 9.03203 9.17559 9.32295 9.46984 9.61798 
8.76313 8.90136 9.03929 9.18258 9.32976 9.47707 9.62462 
8.77046 8.90808 9.04649 9.18959 9.33653 8.33111 9.63131 
8.77773 8.91527 9.0531 9.19607 9.34325 9.48999 9.63806 
8.78497 8.92226 9.05884 9.20349 8.29618 9.49723 9.64536 
8.7921 8.92832 9.06568 9.21027 9.35593 9.50446 9.65263 
7.69389 8.93531 9.07256 8.2134 9.36337 9.51119 9.65986 
8.80527 8.94192 9.07988 9.22436 9.37027 9.51838 7.65416 
7.72833 8.94853 9.08618 9.23167 9.37764 9.52495 9.67222 
8.81817 8.95554 9.09315 9.23897 9.3849 9.5315 9.67888 
8.82529 8.96211 9.09958 9.24572 9.39108 9.53808 9.68606 
8.83226 8.96822 9.10608 9.25292 9.3983 9.54524 9.69322 
8.83919 8.97479 7.96059 9.25952 9.40403 9.55183 9.69939 
8.84607 8.9818 9.11964 9.26613 8.38462 8.41586 9.70613 
8.85296 8.98881 9.12609 9.27271 9.41754 9.56498 9.71335 
8.85899 8.99531 9.13308 9.27935 9.42478 9.5721 9.71995 
8.86554 7.95034 9.14001 8.28848 9.43049 9.57858 9.72457 
8.87248 9.00884 9.14686 9.2921 9.43776 9.58491 9.73142 
8.87942 9.01585 9.15366 9.29926 9.44437 9.59139 9.73875 
8.88635 9.02281 9.16044 9.30543 9.45151 9.5984 9.74602 
8.89288 9.02971 9.1672 9.31215 9.45857 9.60495 9.7527 
8.89939 9.03664 9.17442 9.31834 9.46516 9.61199 9.75988 
8.90591 9.04317 9.18153 9.32563 9.47225 9.61903 9.76697 
8.91248 9.05019 9.1886 9.33238 9.47886 9.62606 9.77396 
8.91955 9.05718 9.19517 9.33957 9.48551 9.63308 9.78092 
8.92657 9.06366 9.20178 9.34627 9.49267 9.64007 9.78738 
8.93353 9.07056 9.20793 9.35296 9.49929 9.64699 9.7944 
8.94002 9.07697 9.21513 9.36009 9.50595 9.65346 9.80137 
8.94694 9.0839 9.22177 9.36668 9.51262 9.6604 9.80735 
8.95385 9.0908 9.22886 9.37285 9.51976 9.66722 9.81341 
8.96075 9.0977 9.2359 9.38008 9.52682 9.67348 9.82008 
8.96759 9.10416 9.24245 9.38629 9.53378 9.6798 9.82723 
8.97397 9.11104 9.24899 9.39351 9.54023 9.68669 9.83384 
8.98082 9.11736 9.25518 9.40067 9.54711 9.69256 9.83944 
8.98677 9.12375 9.26191 8.44323 8.52435 9.69887 9.8461 
8.99278 9.13063 9.26905 9.41383 9.55964 8.58442 9.85315 
8.99975 9.13751 9.27561 9.42037 9.56633 9.71136 9.86014 
9.00619 9.1435 9.28221 9.42736 9.57253 9.71744 9.86706 
9.01303 9.15001 9.28931 9.43417 9.57838 9.72456 9.87396 
9.01986 9.15701 9.29636 9.44047 9.58524 9.73163 9.88083 
9.0266 9.16316 9.30324 9.44635 9.59163 9.73823 9.88769 
9.0325 9.16972 9.30956 9.4528 9.59803 9.74477 9.89402 
9.03931 9.17622 9.31543 9.45922 9.60396 9.75133 9.90079 
9.04609 9.18316 9.32231 9.46556 9.61088 9.75739 9.90713 
9.0524 8.12221 9.32911 8.534 9.61724 9.76349 9.91392 
9.0591 9.19531 9.33579 9.47787 9.62404 9.76964 9.92066 
9.06576 9.20238 9.34243 9.48483 9.63026 9.77638 9.92738 
9.07158 9.20884 9.34818 8.57329 9.63659 9.78355 9.93363 
9.07829 8.18831 9.35481 9.49719 9.64298 9.79016 9.94028 
9.08443 9.22052 9.36103 9.5041 9.64988 9.79669 9.94646 
9.0906 9.22756 9.36776 9.5105 9.65673 9.80365 9.95169 
9.09689 9.23317 9.37435 9.51651 9.66311 9.81042 9.95792 
9.10348 9.23984 9.3809 9.52303 9.66946 9.81622 9.96466 
9.10925 9.24596 9.38658 9.52945 9.67578 9.82253 8.01707 
9.11552 9.25297 8.30848 9.53592 9.68256 9.82921 9.97666 
9.12221 8.29307 9.39857 8.65011 9.68843 9.83588 9.98337 
9.12883 9.26535 9.40533 9.5492 9.69527 9.84205 9.98963 
9.13498 9.27176 9.41167 9.55606 9.70203 9.84873 9.99635 
9.14121 9.27863 9.41803 9.5629 9.70877 9.85534 10.0025 
9.14791 9.28545 9.42491 9.56969 9.71503 9.86191 10.0083 
9.15331 9.29181 9.43031 9.57597 8.72545 9.86797 10.015 
9.16011 9.29806 9.43726 9.58175 9.72792 9.87412 10.0216 
9.16636 9.30396 9.444 9.58767 9.7345 9.8803 10.0282 
9.17177 9.31041 9.45066 9.59412 9.74108 9.88695 10.0346 
9.17812 9.31688 9.45732 9.60103 9.74766 9.89356 10.041 
9.18448 9.32326 8.42025 9.60784 9.75382 8.83383 10.0474 
9.19089 9.33001 9.46951 9.61459 9.7599 9.9058 10.0537 
9.19734 9.33677 9.47635 9.62126 9.76646 9.91242 10.0601 
9.20423 9.34348 9.48266 9.62747 9.77255 9.91891 10.0657 
9.21065 9.35013 9.48899 9.63408 9.77863 9.92451 10.0722 
9.21705 9.35635 9.49533 9.64062 9.78512 9.93061 10.0783 
9.22388 9.36295 9.5017 9.64668 9.79113 9.93717 10.0849 
9.23023 9.36912 9.50801 9.65314 9.79674 9.94327 10.0905 
9.23648 9.37493 9.51479 9.65953 9.80331 9.9493 10.0967 
9.24277 9.38167 9.52147 9.66552 9.80982 9.95575 10.1029 
9.24825 9.38832 9.52763 9.67151 9.81542 9.96216 10.1086 
9.25426 9.39492 9.53375 9.67747 9.82151 9.96806 10.1144 
9.26119 9.40107 9.53985 9.68386 9.82762 9.9744 8.18072 
9.26718 9.40761 9.54639 9.68983 9.83418 9.98024 10.1268 
9.2741 9.4141 9.55246 9.69627 9.84064 9.98656 8.21027 
9.28052 9.42013 9.5585 9.70227 9.84665 9.99284 10.139 
9.28682 9.42573 9.56458 9.70823 9.85258 9.99789 10.1458 
9.29349 9.43181 9.57103 9.71332 9.85893 10.0044 10.1521 
9.30005 9.43786 9.57653 9.71988 9.86524 10.0104 10.1589 
9.3061 9.44392 9.58294 9.72595 9.8707 10.0165 10.1657 
9.31219 9.45041 9.5889 9.73234 9.8762 10.0227 10.1723 
9.31874 9.45683 9.59534 9.73866 9.8826 10.0286 10.1789 
9.32483 9.46282 9.60132 9.74497 9.88898 10.0344 10.1854 
9.33091 9.46922 9.60773 9.75089 9.89532 10.0412 10.1914 
9.33744 9.47561 9.61402 9.75643 9.90165 10.0471 10.1979 
9.34313 9.48192 9.61941 8.87166 9.90792 10.0533 10.2031 
9.34923 9.48736 9.62568 9.76812 9.91417 10.0596 10.2096 
9.35532 9.49369 9.63196 9.77466 9.92044 10.0658 10.2161 
8.4125 9.49995 9.63742 9.78116 9.92673 10.0725 10.2225 
9.36789 9.50615 9.64381 9.78717 9.93218 10.0792 10.2284 
9.3743 9.51114 9.64976 9.79355 9.9382 10.0857 8.28975 
9.38051 9.51666 9.6557 9.79946 9.94428 10.0922 10.2404 
9.38667 9.52301 9.66169 9.80578 9.95037 10.0982 10.2469 
9.39284 9.52929 9.66674 9.81124 9.95649 10.1047 10.2533 
9.39896 9.5351 9.67319 8.93775 9.96305 10.1107 10.2597 
9.40503 9.54097 9.67954 9.82284 9.96951 10.1168 10.2656 
9.41036 9.54725 9.68542 9.8294 9.97592 10.1228 10.2715 
9.41618 9.55349 9.69182 9.83593 9.98231 10.1292 10.2778 
9.42168 9.5597 9.6973 9.84202 9.98869 10.1356 10.2839 
9.42802 9.56579 9.7029 9.84856 9.99506 10.1419 10.2901 
9.43428 9.57151 9.70946 9.85463 8.97848 10.1482 10.2958 
9.44009 9.57689 9.71595 9.86056 10.0061 10.1544 10.3011 
9.4455 9.58311 9.72156 9.86693 10.0125 10.1597 10.3073 
9.45137 9.58891 9.72718 9.87321 10.018 10.1655 10.313 
9.45751 9.59398 9.73378 9.87947 10.0244 10.1717 10.3188 
9.46207 9.60001 9.74031 9.88529 10.0308 10.1778 10.3248 
9.46793 9.60561 9.74626 9.89075 10.0363 10.184 10.3308 
9.47411 9.61127 9.75221 9.89659 10.0422 10.1887 10.3364 
9.48026 9.6174 9.75856 9.02229 10.048 10.1949 10.342 
8.56234 9.62394 9.76481 9.90828 10.0539 10.2006 10.3482 
9.49224 9.62999 9.77064 9.04085 10.0601 10.2067 10.3526 
9.49808 9.63644 9.77685 9.92046 10.0663 10.2122 10.3588 
9.50363 9.64285 9.78307 9.92671 10.0716 10.2182 10.3646 
8.61046 9.64842 9.78925 9.93247 10.0773 10.2238 10.3704 
9.51556 9.65399 9.79498 9.93861 10.0831 10.2298 10.3765 
9.52185 9.66041 9.80073 9.94432 10.0893 9.23193 10.3823 
9.52814 9.66673 9.8065 9.95005 10.0954 10.241 10.3877 
9.53442 9.67298 9.81221 9.95537 10.101 10.2466 10.3936 
9.54068 9.67876 9.81832 9.96159 10.1066 10.2526 10.4 
9.54649 9.68495 9.82403 9.9677 10.1113 10.2575 10.4063 
9.55272 9.69107 9.82976 9.97366 10.1174 10.2633 10.4126 
9.55887 9.69675 9.83505 9.97924 10.123 10.2692 10.4184 
9.56487 8.82672 9.8412 9.98395 10.1291 10.2755 10.4247 
9.5708 9.70751 9.84674 9.98925 10.1348 10.2818 10.4309 
8.63015 9.71282 9.85234 9.99538 10.1405 10.2873 10.4371 
9.58183 9.7186 8.92202 10.0011 10.1467 9.33475 10.4432 
9.58668 9.72473 9.86395 10.0068 10.1524 10.2995 10.4491 
9.59279 9.73083 9.86991 10.0121 10.1585 10.3053 10.4542 
9.59882 9.73574 9.87542 10.0184 10.1647 10.3115 10.4599 
9.60476 9.7419 9.88142 10.0246 10.1703 10.3172 10.4659 
9.61034 9.74762 9.88703 10.0308 10.176 10.3229 10.4719 
9.61591 9.75333 9.89264 10.0364 10.1816 10.3278 10.4778 
9.62114 9.75941 9.89871 10.0425 10.1872 10.3337 10.4833 
9.62722 9.76506 9.90436 10.0485 10.1932 10.3395 10.4888 
9.63289 9.77109 9.90961 9.20509 10.1984 10.3449 10.4947 
9.63857 9.77691 9.91447 10.0591 10.2044 10.3503 10.5005 
9.64463 9.78273 9.92062 10.0651 10.2099 10.3565 10.506 
9.65026 9.78855 9.9263 10.0707 10.2156 10.3627 10.512 
9.65593 9.79437 9.93241 10.0767 10.2216 10.368 10.5178 
9.66162 9.80019 9.93807 10.0826 10.2268 10.3738 10.5232 
9.66767 9.80564 9.94415 10.088 10.232 10.38 10.5287 
9.67361 9.81117 9.94974 10.0939 10.2382 10.386 10.5347 
9.67915 9.81701 9.95532 10.099 10.2443 10.3913 10.5406 
9.68509 9.82283 9.96089 10.105 10.2499 10.397 10.5465 
9.69097 9.8279 9.9669 10.1109 10.2551 10.4027 10.5523 
9.69641 9.83383 9.97286 10.1163 10.2612 10.4089 10.5582 
9.70224 9.83935 9.97838 10.1223 10.2673 10.415 10.564 
9.70801 9.84488 9.98392 10.1278 10.2733 10.4206 10.569 
9.71303 9.85004 9.98986 10.1334 10.2793 10.4262 10.5748 
9.71845 9.85567 9.99577 10.1394 10.2852 10.4313 10.5801 
9.7239 9.86171 10.0017 10.1454 10.2907 10.4369 10.5859 
9.72941 9.8677 10.0072 9.28636 10.2961 10.4421 10.5916 
9.73534 9.87364 10.0131 10.1564 10.3019 10.4477 10.597 
9.74123 9.8788 10.0189 9.32241 10.3074 10.4538 10.6023 
8.83288 9.88479 10.0246 10.1671 10.3132 10.4593 10.6074 
9.75184 9.89036 10.0303 10.1731 10.319 10.4651 10.6124 
9.75777 9.89632 10.0361 10.179 10.3244 10.4704 10.6179 
9.76221 9.90219 10.041 10.1845 10.3301 10.4759 10.6238 
9.76833 9.90797 10.0464 9.35812 10.3355 10.4817 10.6295 
9.77399 9.91331 10.0521 10.1951 10.3409 10.4871 10.6349 
9.78 9.91908 10.0579 10.2007 10.3466 10.4925 10.6403 
9.78549 9.92412 10.0632 10.2062 10.3523 9.66487 10.6458 
9.79137 9.06562 10.0689 10.2121 10.3575 10.5029 10.6513 
9.79679 9.93499 10.0742 9.41888 10.3628 10.5084 10.6568 
9.80261 9.94076 10.0797 10.2211 10.3681 10.5142 10.6627 
9.80806 9.94613 10.0852 10.2271 10.3734 10.5197 10.6682 
9.8138 9.95155 10.0908 10.2327 10.3792 10.5255 10.6736 
9.81916 9.95692 10.0956 10.2387 10.3849 10.5313 10.6795 
9.82483 9.96189 10.1013 10.2446 10.3907 10.5371 10.6845 
9.83007 9.96695 10.107 10.2505 10.3963 10.5416 10.6904 
9.83566 9.97281 10.1127 10.2559 10.4019 10.5474 10.6954 
8.95406 9.97864 10.1184 10.2614 10.4075 10.5532 10.7013 
9.84628 9.98441 10.1237 10.2672 10.4124 10.5585 10.707 
8.97258 9.99012 10.129 10.2725 10.4181 10.5639 10.712 
9.85706 9.99576 10.1343 10.2783 10.4237 10.5692 10.7173 
9.86285 10.0014 10.1401 10.284 10.4289 10.5749 10.7231 
9.86861 10.007 10.1458 10.2889 10.4341 10.5807 10.7285 
9.87428 10.0119 10.1514 10.2946 10.4394 10.5863 10.7335 
9.87989 10.0173 10.157 10.2999 9.52521 10.5915 10.739 
8.99117 10.0227 10.1626 10.3055 10.4497 10.5968 10.7449 
9.89037 10.0284 10.1681 10.3107 10.455 10.6021 10.7503 
9.89526 10.0338 10.1732 10.3158 10.46 10.6077 10.7557 
9.90061 9.1831 10.1784 10.3214 10.4658 10.613 10.7614 
9.90557 9.20097 10.1832 10.327 10.4715 10.6187 10.767 
9.91057 10.0492 10.1885 10.3325 10.4768 9.79777 10.7725 
9.91624 10.0545 10.1942 9.52926 10.4824 10.6286 10.778 
9.92189 10.0601 10.1997 10.3425 10.4876 9.83223 10.7835 
9.92718 10.0658 10.2052 10.3481 10.4931 10.6387 10.789 
9.93278 10.0704 9.24692 10.3533 10.4979 10.6446 10.7941 
9.93828 10.0757 10.2158 10.3589 10.5035 9.85755 10.7996 
9.94376 10.081 10.2206 10.3644 10.509 10.6554 10.8044 
9.94924 10.0867 10.2262 10.3695 10.5146 10.6611 10.8096 
9.95472 10.0923 9.2771 10.3751 10.5195 10.6668 10.8148 
9.95845 9.27954 10.2362 10.3806 10.5251 10.6719 10.82 
9.96371 10.1026 10.2415 10.3857 10.5304 10.6771 10.8255 
9.96937 10.1081 10.2467 10.3908 9.63931 10.6823 10.8306 
9.97463 10.1135 10.2523 10.3959 10.5407 10.6868 10.8361 
9.97991 10.1189 10.2571 10.4014 10.5458 10.6913 10.8415 
9.98522 10.1243 10.2627 10.4068 10.5508 10.6963 10.8466 
9.99084 10.1294 10.2679 10.4122 10.5559 10.7021 10.852 
9.99641 10.1348 10.2735 10.4172 10.5613 10.7075 10.8572 
10.0019 10.1399 10.2786 10.4221 10.5661 10.7132 10.8623 
10.0067 10.1449 10.2841 10.4272 9.7132 10.7188 10.8671 
10.0121 10.1497 10.2894 10.4318 9.73997 10.724 10.8726 
10.0175 10.1549 10.2948 10.4371 10.5811 10.7292 10.8782 
10.0222 10.1601 10.3 10.4421 10.5868 10.7348 10.8836 
10.0276 10.1645 10.3046 10.4475 10.5917 10.7396 10.889 
10.0329 10.1701 10.3093 10.4529 10.5973 10.7449 10.8944 
10.0379 10.1755 10.3147 10.4583 10.6026 10.7506 10.8997 
10.0433 10.1809 10.3202 9.64122 10.6082 10.7562 10.905 
10.0479 10.1856 10.3245 10.4683 10.6131 10.7617 10.91 
10.0529 10.1907 10.3299 10.4734 10.6188 10.7668 10.9149 
10.0583 10.1961 10.3353 10.4785 10.6244 10.7722 9.01328 
10.063 10.2014 10.3399 10.4837 10.63 10.7776 10.9251 
10.0681 10.2064 10.3453 10.4886 10.6356 10.7829 10.9303 
10.0732 10.2114 10.3504 10.4942 10.6407 10.7882 10.9355 
10.0786 10.2167 10.3558 10.4994 10.6458 10.7928 9.02293 
10.084 10.2221 10.3608 10.5046 9.81962 10.7978 9.03252 
10.089 10.2273 10.3659 10.5101 10.6556 10.8027 10.9499 
10.094 10.2322 10.371 10.5152 10.6611 10.808 10.9552 
10.0994 10.2372 9.48899 10.5206 10.6658 10.8132 10.9606 
10.1036 10.2419 10.3816 10.5253 10.6709 10.8185 9.07036 
10.1083 10.2469 10.3869 10.53 10.6763 10.0534 10.9703 
10.1134 10.252 10.3922 10.5355 10.6817 10.8282 10.9752 
10.1188 10.2571 10.3972 10.5409 10.6863 10.0696 10.9794 
10.1241 10.2618 10.4021 10.5459 10.6912 10.8375 10.9844 
10.129 10.2669 10.4071 10.5513 10.6965 10.8423 10.9897 
10.1343 10.272 10.4125 10.5559 10.7014 10.8475 10.9951 
10.1395 10.2774 10.4175 10.5613 10.7067 10.0937 11 
10.1442 10.2828 10.4225 10.5666 10.7118 10.8566 11.0042 
10.1495 10.2881 9.5451 10.5716 10.7168 10.8608 11.0096 
10.1549 10.2934 10.4328 10.5769 10.7214 10.8659 11.015 
10.1599 10.2983 10.4375 10.5817 10.7264 10.871 11.0204 
10.1651 10.3029 10.4428 10.5866 10.7314 10.8761 11.0257 
10.17 10.3083 10.4481 10.5911 10.7364 10.8808 11.031 
10.1746 10.3132 10.4532 10.5961 10.7407 10.886 11.0362 
10.1792 10.3186 10.4584 10.6009 10.7455 10.8916 11.0413 
10.1843 10.3235 10.4631 10.6057 10.75 10.897 9.16229 
10.1893 10.3284 10.4679 10.6105 10.7553 10.902 11.0508 
10.1947 10.3336 10.4726 9.87337 10.7606 10.907 11.0556 
10.2 10.3388 10.4776 10.6197 10.7654 10.912 11.0608 
10.2053 9.55796 10.4819 10.6246 10.77 10.9173 9.18995 
